0.0 599.8975993998499 -30.699540510127548 11
0.1111111111111111 606.0116279069769 -29.78243623405851 6
0.2222222222222222 609.0686421605401 -63.715294448612156 7
0.3333333333333333 602.648912228057 -91.83982558139533 12
0.4444444444444444 591.6436609152288 -89.69991560390096 7
0.5555555555555556 596.229182295574 -52.404341710427616 6
0.6666666666666666 609.3743435858964 -24.27981057764441 10
0.7777777777777778 622.2138034508628 -23.974109152288094 8
0.8888888888888888 622.2138034508628 -38.342076144036014 7
1.0 609.3743435858964 -50.87583458364591 5
