0.0 420.7565641410353 -33.75655476369093 14
0.09090909090909091 417.08814703675927 -28.55963053263318 9
0.18181818181818182 416.7824456114029 -40.48198612153038 9
0.2727272727272727 424.119279819955 -47.20741747936984 9
0.36363636363636365 432.98462115528883 -43.84470180045011 9
0.45454545454545453 432.98462115528883 -34.97936046511629 15
0.5454545454545454 426.87059264816213 -30.699540510127548 7
0.6363636363636364 444.29557389347343 -44.76180607651912 9
0.7272727272727273 445.5183795948987 -59.43547449362342 6
0.8181818181818182 438.48724681170296 -69.21792010502625 13
0.9090909090909091 440.32145536384104 -73.19203863465864 6
1.0 457.13503375843965 -74.414844336084 7
