0.0 635.6646661665416 -31.005241935483866 7
0.09090909090909091 645.1414103525881 -38.95347899474868 10
0.18181818181818182 655.84096024006 -34.36795761440359 10
0.2727272727272727 654.923855963991 -21.834199174793696 10
0.36363636363636365 641.4729932483122 -29.78243623405851 9
0.45454545454545453 640.2501875468868 -48.430223180795196 11
0.5454545454545454 654.923855963991 -49.9587303075769 6
0.6363636363636364 675.7115528882221 -23.974109152288094 11
0.7272727272727273 680.90847711928 -23.974109152288094 5
0.8181818181818182 679.6856714178546 -44.15040322580646 10
0.9090909090909091 684.5768942235559 -43.233298949737446 3
1.0 703.5303825956489 -17.860080645161304 5
