0.0 534.171792948237 -25.196914853713423 5
0.07142857142857142 534.171792948237 -27.948227681920486 5
0.14285714285714285 539.6744186046512 -34.67365903975994 5
0.21428571428571427 551.2910727681922 -46.290313203300826 9
0.2857142857142857 550.9853713428358 -54.23855026256564 7
0.35714285714285715 540.2858214553639 -55.461355963991 9
0.42857142857142855 539.3687171792949 -48.430223180795196 6
0.5 556.1822955738935 -41.399090397599394 6
0.5714285714285714 567.1875468867217 -32.83945048762192 9
0.6428571428571429 568.4103525881471 -28.253929107276832 7
0.7142857142857143 568.4103525881471 -38.64777756939236 7
0.7857142857142857 576.0528882220556 -46.90171605401349 9
0.8571428571428571 584.3068267066767 -45.373208927231815 7
0.9285714285714286 586.7524381095275 -31.005241935483866 6
1.0 585.2239309827457 -24.58551200300076 5
