0.0 180.7809452363091 -47.81882033008253 6
0.0 186.58927231807957 -53.627147411852974 5
0.0 198.51162790697674 -54.544251687921985 10
0.0 202.18004501125284 -49.9587303075769 5
0.0 200.95723930982746 -39.87058327081772 5
0.0 194.231807951988 -39.259180420105025 5
0.0 188.72918229557393 -51.79293885971492 5
0.0 189.95198799699926 -62.798190172543144 5
0.0 196.98312078019507 -67.9951144036009 5
0.0 204.62565641410356 -66.46660727681919 5
0.0 212.26819204801205 -59.12977306826707 5
0.0 217.46511627906978 -46.290313203300826 5
0.0 218.38222055513882 -43.84470180045011 5
0.0 218.38222055513882 -47.20741747936984 5
0.0 218.38222055513882 -65.85520442610652 15
0.0 223.27344336084025 -65.54950300075018 4
0.0 233.9729932483121 -38.64777756939236 15
0.0 247.423855963991 -18.16578207051765 10
0.0 249.56376594148537 -16.02587209302328 4
0.0 249.86946736684172 -21.834199174793696 10
0.0 245.28394598649663 -38.95347899474868 10
0.0 247.1181545386347 -57.90696736684171 10
0.0 258.1234058514629 -59.12977306826707 10
0.0 267.90585146286577 -45.06750750187547 10
0.0 268.21155288822206 -36.81356901725431 6
0.0 267.6001500375094 -59.12977306826707 10
0.0 276.1597899474869 -64.93810015003751 6
0.0 285.0251312828207 -57.90696736684171 6
0.0 290.52775693923485 -44.76180607651912 6
0.0 292.6676669167292 -32.53374906226557 6
0.0 291.13915978994754 -54.544251687921985 6
0.0 293.5847711927982 -60.65828019504875 6
