0.0 131.25731432858214 -40.48198612153038 7
0.09090909090909091 130.34021005251316 -60.35257876969243 7
0.18181818181818182 134.0086271567892 -61.575384471117786 7
0.2727272727272727 138.89984996249063 -47.20741747936984 7
0.36363636363636365 143.48537134283572 -45.98461177794448 7
0.45454545454545453 143.79107276819207 -51.79293885971492 7
0.5454545454545454 147.45948987246817 -54.84995311327833 7
0.6363636363636364 151.1279069767442 -53.01574456114028 7
0.7272727272727273 155.40772693173295 -48.12452175543885 7
0.8181818181818182 159.076144036009 -49.65302888222055 7
0.9090909090909091 159.99324831207804 -54.84995311327833 7
1.0 168.55288822205551 -61.575384471117786 7
