0.0 69.19992498124535 -24.58551200300076 15
0.0 57.58327081770446 -12.05175356339086 15
0.0 60.94598649662419 -29.47673480870219 10
0.0 65.22580645161293 -47.20741747936984 10
0.0 64.92010502625658 -65.54950300075018 20
0.0 61.8630907726932 -77.77756001500373 20
0.0 56.054763690922755 -82.0573799699925 10
0.0 49.3293323330833 -79.61176856714178 14
0.0 39.54688672168044 -69.21792010502625 8
0.0 28.235933983495897 -52.404341710427616 14
0.0 19.064891222805727 -37.119270442610656 20
0.0 10.505251312828221 -21.834199174793696 8
0.0 8.976744186046517 -19.694289197299327 20
0.0 8.976744186046517 -22.751303450862736 10
0.0 9.282445611402864 -40.48198612153038 20
0.0 9.282445611402864 -60.04687734433608 10
0.0 8.976744186046517 -71.66353150787697 20
0.0 7.753938484621187 -77.77756001500373 10
0.0 5.61402850712679 -71.35783008252062 10
0.0 5.002625656414125 -59.43547449362342 20
0.0 4.696924231057778 -40.48198612153038 20
0.0 6.225431357839483 -24.27981057764441 20
