0.0 0.020833333333333332 0.041666666666666664 0.0625 0.08333333333333333 
0.08333333333333333 0.09375 0.10416666666666666 0.11458333333333333 0.125 0.13541666666666666 0.14583333333333331 0.15625 0.16666666666666666 
0.16666666666666666 0.18333333333333332 0.2 0.21666666666666667 0.23333333333333334 0.25 
0.25 0.2638888888888889 0.2777777777777778 0.29166666666666663 0.3055555555555555 0.3194444444444444 0.3333333333333333 
0.3333333333333333 0.3416666666666667 0.35 0.35833333333333334 0.36666666666666664 0.375 0.38333333333333336 0.39166666666666666 0.4 0.4083333333333333 0.4166666666666667 
0.4166666666666667 0.4375 0.45833333333333337 0.4791666666666667 0.5 
0.5 0.5083333333333333 0.5166666666666667 0.525 0.5333333333333333 0.5416666666666667 0.55 0.5583333333333333 0.5666666666666667 0.5750000000000001 0.5833333333333334 
0.5833333333333334 0.6041666666666667 0.625 0.6458333333333333 0.6666666666666666 
0.6666666666666666 0.6875 0.7083333333333333 0.7291666666666666 0.75 
0.75 0.7583333333333333 0.7666666666666667 0.775 0.7833333333333333 0.7916666666666667 0.8 0.8083333333333333 0.8166666666666667 0.8250000000000001 0.8333333333333334 
0.8333333333333334 0.8541666666666667 0.875 0.8958333333333333 0.9166666666666666 
0.9166666666666666 0.9333333333333333 0.95 0.9666666666666667 0.9833333333333333 1.0 
