0.0 0.017857142857142856 0.03571428571428571 0.05357142857142857 0.07142857142857142 
0.07142857142857142 0.08928571428571427 0.10714285714285714 0.125 0.14285714285714285 
0.14285714285714285 0.1607142857142857 0.17857142857142855 0.19642857142857142 0.21428571428571427 
0.21428571428571427 0.2232142857142857 0.23214285714285712 0.24107142857142855 0.25 0.2589285714285714 0.26785714285714285 0.2767857142857143 0.2857142857142857 
0.2857142857142857 0.2976190476190476 0.30952380952380953 0.3214285714285714 0.3333333333333333 0.34523809523809523 0.35714285714285715 
0.35714285714285715 0.3660714285714286 0.375 0.3839285714285714 0.39285714285714285 0.4017857142857143 0.4107142857142857 0.4196428571428571 0.42857142857142855 
0.42857142857142855 0.44285714285714284 0.45714285714285713 0.4714285714285714 0.4857142857142857 0.5 
0.5 0.5142857142857142 0.5285714285714286 0.5428571428571428 0.5571428571428572 0.5714285714285714 
0.5714285714285714 0.5803571428571428 0.5892857142857143 0.5982142857142857 0.6071428571428572 0.6160714285714286 0.625 0.6339285714285715 0.6428571428571429 
0.6428571428571429 0.6547619047619048 0.6666666666666667 0.6785714285714286 0.6904761904761905 0.7023809523809524 0.7142857142857143 
0.7142857142857143 0.7261904761904762 0.7380952380952381 0.75 0.7619047619047619 0.7738095238095238 0.7857142857142857 
0.7857142857142857 0.7946428571428571 0.8035714285714286 0.8125 0.8214285714285714 0.8303571428571428 0.8392857142857142 0.8482142857142857 0.8571428571428571 
0.8571428571428571 0.8690476190476191 0.8809523809523809 0.8928571428571428 0.9047619047619048 0.9166666666666667 0.9285714285714286 
0.9285714285714286 0.9428571428571428 0.9571428571428572 0.9714285714285714 0.9857142857142858 1.0 
