0.0 0.006993006993006993 0.013986013986013986 0.020979020979020976 0.027972027972027972 0.03496503496503497 0.04195804195804195 0.04895104895104895 0.055944055944055944 0.06293706293706294 0.06993006993006994 0.07692307692307693 0.0839160839160839 0.09090909090909091 
0.09090909090909091 0.10227272727272728 0.11363636363636365 0.125 0.13636363636363635 0.14772727272727273 0.1590909090909091 0.17045454545454547 0.18181818181818182 
0.18181818181818182 0.19318181818181818 0.20454545454545453 0.2159090909090909 0.22727272727272727 0.23863636363636362 0.25 0.26136363636363635 0.2727272727272727 
0.2727272727272727 0.28409090909090906 0.2954545454545454 0.3068181818181818 0.3181818181818182 0.32954545454545453 0.34090909090909094 0.3522727272727273 0.36363636363636365 
0.36363636363636365 0.375 0.38636363636363635 0.3977272727272727 0.40909090909090906 0.42045454545454547 0.4318181818181818 0.4431818181818182 0.45454545454545453 
0.45454545454545453 0.461038961038961 0.4675324675324675 0.474025974025974 0.4805194805194805 0.487012987012987 0.4935064935064935 0.5 0.5064935064935064 0.512987012987013 0.5194805194805194 0.525974025974026 0.5324675324675324 0.5389610389610389 0.5454545454545454 
0.5454545454545454 0.5606060606060606 0.5757575757575757 0.5909090909090908 0.6060606060606061 0.6212121212121212 0.6363636363636364 
0.6363636363636364 0.6477272727272727 0.6590909090909091 0.6704545454545454 0.6818181818181819 0.6931818181818182 0.7045454545454546 0.7159090909090909 0.7272727272727273 
0.7272727272727273 0.7454545454545455 0.7636363636363637 0.7818181818181819 0.8 0.8181818181818182 
0.8181818181818182 0.8257575757575758 0.8333333333333334 0.8409090909090909 0.8484848484848485 0.8560606060606061 0.8636363636363636 0.8712121212121212 0.8787878787878788 0.8863636363636364 0.8939393939393939 0.9015151515151515 0.9090909090909091 
0.9090909090909091 0.9272727272727272 0.9454545454545454 0.9636363636363636 0.9818181818181818 1.0 
