0.0 0.006944444444444444 0.013888888888888888 0.020833333333333332 0.027777777777777776 0.03472222222222222 0.041666666666666664 
0.041666666666666664 0.047619047619047616 0.05357142857142857 0.05952380952380952 0.06547619047619047 0.07142857142857142 0.07738095238095238 0.08333333333333333 
0.08333333333333333 0.08928571428571429 0.09523809523809523 0.10119047619047619 0.10714285714285714 0.1130952380952381 0.11904761904761904 0.125 
0.125 0.12962962962962962 0.13425925925925924 0.1388888888888889 0.14351851851851852 0.14814814814814814 0.15277777777777776 0.1574074074074074 0.16203703703703703 0.16666666666666666 
0.16666666666666666 0.17261904761904762 0.17857142857142858 0.18452380952380953 0.19047619047619047 0.19642857142857142 0.20238095238095238 0.20833333333333334 
0.20833333333333334 0.2142857142857143 0.22023809523809523 0.2261904761904762 0.23214285714285715 0.2380952380952381 0.24404761904761904 0.25 
0.25 0.2552083333333333 0.2604166666666667 0.265625 0.27083333333333337 0.2760416666666667 0.28125 0.28645833333333337 0.2916666666666667 
0.2916666666666667 0.3 0.30833333333333335 0.31666666666666665 0.325 0.3333333333333333 
0.3333333333333333 0.33928571428571425 0.34523809523809523 0.35119047619047616 0.35714285714285715 0.3630952380952381 0.36904761904761907 0.375 
0.375 0.38333333333333336 0.39166666666666666 0.4 0.4083333333333333 0.4166666666666667 
0.4166666666666667 0.42129629629629634 0.42592592592592593 0.4305555555555556 0.4351851851851852 0.4398148148148148 0.4444444444444444 0.44907407407407407 0.4537037037037037 0.4583333333333333 
0.4583333333333333 0.4666666666666667 0.475 0.48333333333333334 0.49166666666666664 0.5 
0.5 0.5052083333333334 0.5104166666666666 0.515625 0.5208333333333333 0.5260416666666666 0.53125 0.5364583333333333 0.5416666666666666 
0.5416666666666666 0.546875 0.5520833333333333 0.5572916666666666 0.5625 0.5677083333333334 0.5729166666666667 0.578125 0.5833333333333334 
0.5833333333333334 0.5892857142857143 0.5952380952380952 0.6011904761904762 0.6071428571428572 0.6130952380952381 0.6190476190476191 0.625 
0.625 0.6296296296296297 0.6342592592592593 0.6388888888888888 0.6435185185185185 0.6481481481481481 0.6527777777777778 0.6574074074074073 0.662037037037037 0.6666666666666666 
0.6666666666666666 0.671875 0.6770833333333333 0.6822916666666666 0.6875 0.6927083333333334 0.6979166666666667 0.703125 0.7083333333333334 
0.7083333333333334 0.712962962962963 0.7175925925925927 0.7222222222222222 0.7268518518518519 0.7314814814814815 0.7361111111111112 0.7407407407407407 0.7453703703703703 0.75 
0.75 0.7559523809523809 0.7619047619047619 0.7678571428571428 0.7738095238095238 0.7797619047619048 0.7857142857142857 0.7916666666666666 
0.7916666666666666 0.7958333333333333 0.7999999999999999 0.8041666666666667 0.8083333333333333 0.8125 0.8166666666666667 0.8208333333333333 0.8250000000000001 0.8291666666666667 0.8333333333333334 
0.8333333333333334 0.8402777777777778 0.8472222222222222 0.8541666666666667 0.8611111111111112 0.8680555555555556 0.875 
0.875 0.8796296296296297 0.8842592592592593 0.8888888888888888 0.8935185185185185 0.8981481481481481 0.9027777777777778 0.9074074074074073 0.912037037037037 0.9166666666666666 
0.9166666666666666 0.923611111111111 0.9305555555555556 0.9375 0.9444444444444444 0.951388888888889 0.9583333333333334 
0.9583333333333334 0.9652777777777778 0.9722222222222222 0.9791666666666667 0.9861111111111112 0.9930555555555556 1.0 
