0.0 0.02 0.04 0.06000000000000001 0.08 0.1 
0.1 0.11 0.12000000000000001 0.13 0.14 0.15000000000000002 0.16000000000000003 0.17 0.18 0.19 0.2 
0.2 0.225 0.25 0.275 0.3 
0.3 0.31 0.32 0.33 0.34 0.35000000000000003 0.36 0.37 0.38 0.39 0.4 
0.4 0.42000000000000004 0.44 0.46 0.48 0.5 
0.5 0.5125 0.525 0.5375 0.55 0.5625 0.575 0.5875 0.6 
0.6 0.62 0.64 0.6599999999999999 0.6799999999999999 0.7 
0.7 0.7124999999999999 0.725 0.7375 0.75 0.7625 0.775 0.7875000000000001 0.8 
0.8 0.8200000000000001 0.8400000000000001 0.86 0.88 0.9 
0.9 0.92 0.9400000000000001 0.96 0.98 1.0 
