0.0 0.015151515151515152 0.030303030303030304 0.04545454545454545 0.06060606060606061 0.07575757575757576 0.0909090909090909 
0.09090909090909091 0.10101010101010101 0.11111111111111112 0.12121212121212122 0.13131313131313133 0.14141414141414144 0.15151515151515152 0.1616161616161616 0.1717171717171717 0.18181818181818182 
0.18181818181818182 0.19191919191919193 0.20202020202020202 0.21212121212121213 0.2222222222222222 0.23232323232323232 0.2424242424242424 0.2525252525252525 0.2626262626262626 0.2727272727272727 
0.2727272727272727 0.2828282828282828 0.29292929292929293 0.30303030303030304 0.31313131313131315 0.3232323232323232 0.3333333333333333 0.3434343434343434 0.35353535353535354 0.36363636363636365 
0.36363636363636365 0.375 0.38636363636363635 0.3977272727272727 0.40909090909090906 0.42045454545454547 0.4318181818181818 0.4431818181818182 0.45454545454545453 
0.45454545454545453 0.4636363636363636 0.4727272727272727 0.4818181818181818 0.4909090909090909 0.5 0.509090909090909 0.5181818181818182 0.5272727272727272 0.5363636363636364 0.5454545454545454 
0.5454545454545454 0.5636363636363636 0.5818181818181818 0.6 0.6181818181818182 0.6363636363636364 
0.6363636363636364 0.6454545454545455 0.6545454545454545 0.6636363636363636 0.6727272727272727 0.6818181818181819 0.6909090909090909 0.7 0.7090909090909091 0.7181818181818183 0.7272727272727273 
0.7272727272727273 0.75 0.7727272727272727 0.7954545454545455 0.8181818181818182 
0.8181818181818182 0.8282828282828283 0.8383838383838385 0.8484848484848485 0.8585858585858586 0.8686868686868687 0.8787878787878788 0.8888888888888888 0.898989898989899 0.9090909090909091 
0.9090909090909091 0.9545454545454546 1.0 
