0.0 635.6646661665416 -31.005241935483866 7
0.08333333333333333 646.0585146286571 -39.259180420105025 7
0.16666666666666666 654.3124531132783 -35.8964647411853 7
0.25 657.6751687921981 -23.3627063015754 7
0.3333333333333333 648.8098274568642 -22.751303450862736 7
0.4166666666666667 640.2501875468868 -32.53374906226557 7
0.5 641.7786946736685 -50.570133158289565 7
0.5833333333333334 655.84096024006 -48.73592460615154 7
0.6666666666666666 677.2400600150038 -21.834199174793696 7
0.75 680.90847711928 -23.057004876219054 7
0.8333333333333334 679.3799699924982 -43.233298949737446 7
0.9166666666666666 684.5768942235559 -43.539000375093764 4
1.0 703.5303825956489 -17.24867779444861 7
