0.0 533.8660915228807 -25.50261627906977 7
0.07142857142857142 534.171792948237 -25.808317704426116 7
0.14285714285714285 534.7831957989497 -29.171033383345844 7
0.21428571428571427 548.8454613653414 -43.539000375093764 7
0.2857142857142857 551.5967741935485 -53.627147411852974 7
0.35714285714285715 539.0630157539385 -55.15565453863465 7
0.42857142857142855 542.7314328582147 -46.59601462865717 7
0.5 563.8248312078019 -36.81356901725431 7
0.5714285714285714 567.7989497374344 -28.253929107276832 7
0.6428571428571429 569.6331582895725 -40.17628469617404 7
0.7142857142857143 578.4984996249063 -48.430223180795196 7
0.7857142857142857 585.2239309827457 -44.76180607651912 7
0.8571428571428571 587.0581395348838 -36.202166166541645 7
0.9285714285714286 586.1410352588148 -26.725421980495128 7
1.0 584.612528132033 -24.58551200300076 7
