0.0 0.03333333333333333 0.06666666666666667 0.10000000000000002 
0.1 0.1125 0.125 0.1375 0.15000000000000002 0.1625 0.17500000000000002 0.1875 0.2 
0.2 0.23333333333333334 0.26666666666666666 0.3 
0.3 0.3125 0.325 0.3375 0.35 0.36250000000000004 0.375 0.3875 0.4 
0.4 0.41250000000000003 0.42500000000000004 0.4375 0.45 0.4625 0.475 0.4875 0.5 
0.5 0.5125 0.525 0.5375 0.55 0.5625 0.575 0.5875 0.6 
0.6 0.6124999999999999 0.625 0.6375 0.6499999999999999 0.6625 0.6749999999999999 0.6875 0.7 
0.7 0.7124999999999999 0.725 0.7375 0.75 0.7625 0.775 0.7875000000000001 0.8 
0.8 0.8125 0.8250000000000001 0.8375 0.8500000000000001 0.8625 0.875 0.8875000000000001 0.9 
0.9 0.9166666666666667 0.9333333333333333 0.95 0.9666666666666667 0.9833333333333334 1.0 
