0.0 0.025 0.05 0.07500000000000001 0.1 
0.1 0.1125 0.125 0.1375 0.15000000000000002 0.1625 0.17500000000000002 0.1875 0.2 
0.2 0.21250000000000002 0.225 0.2375 0.25 0.2625 0.275 0.2875 0.3 
0.3 0.3125 0.325 0.3375 0.35 0.36250000000000004 0.375 0.3875 0.4 
0.4 0.41250000000000003 0.42500000000000004 0.4375 0.45 0.4625 0.475 0.4875 0.5 
0.5 0.5125 0.525 0.5375 0.55 0.5625 0.575 0.5875 0.6 
0.6 0.6124999999999999 0.625 0.6375 0.6499999999999999 0.6625 0.6749999999999999 0.6875 0.7 
0.7 0.7124999999999999 0.725 0.7375 0.75 0.7625 0.775 0.7875000000000001 0.8 
0.8 0.8125 0.8250000000000001 0.8375 0.8500000000000001 0.8625 0.875 0.8875000000000001 0.9 
0.9 0.9125 0.925 0.9375 0.95 0.9625 0.975 0.9875 1.0 
