0.0 0.006410256410256411 0.012820512820512822 0.019230769230769232 0.025641025641025644 0.032051282051282055 0.038461538461538464 
0.038461538461538464 0.04487179487179487 0.05128205128205129 0.057692307692307696 0.06410256410256411 0.07051282051282051 0.07692307692307693 
0.07692307692307693 0.08333333333333334 0.08974358974358974 0.09615384615384616 0.10256410256410257 0.10897435897435898 0.11538461538461539 
0.11538461538461539 0.1217948717948718 0.12820512820512822 0.13461538461538464 0.14102564102564102 0.14743589743589744 0.15384615384615385 
0.15384615384615385 0.16025641025641027 0.16666666666666669 0.17307692307692307 0.1794871794871795 0.1858974358974359 0.19230769230769232 
0.19230769230769232 0.19871794871794873 0.20512820512820515 0.21153846153846156 0.21794871794871795 0.22435897435897437 0.23076923076923078 
0.23076923076923078 0.2371794871794872 0.24358974358974358 0.25 0.2564102564102564 0.26282051282051283 0.2692307692307692 
0.2692307692307692 0.27564102564102566 0.28205128205128205 0.28846153846153844 0.2948717948717949 0.3012820512820513 0.3076923076923077 
0.3076923076923077 0.3141025641025641 0.32051282051282054 0.3269230769230769 0.3333333333333333 0.33974358974358976 0.34615384615384615 
0.34615384615384615 0.35256410256410253 0.358974358974359 0.3653846153846154 0.3717948717948718 0.3782051282051282 0.38461538461538464 
0.38461538461538464 0.391025641025641 0.39743589743589747 0.40384615384615385 0.41025641025641024 0.4166666666666667 0.4230769230769231 
0.4230769230769231 0.4294871794871795 0.4358974358974359 0.4423076923076923 0.44871794871794873 0.4551282051282052 0.46153846153846156 
0.46153846153846156 0.46794871794871795 0.4743589743589744 0.4807692307692308 0.48717948717948717 0.4935897435897436 0.5 
0.5 0.5064102564102564 0.5128205128205128 0.5192307692307692 0.5256410256410257 0.532051282051282 0.5384615384615384 
0.5384615384615384 0.5448717948717948 0.5512820512820512 0.5576923076923077 0.5641025641025641 0.5705128205128205 0.5769230769230769 
0.5769230769230769 0.5833333333333333 0.5897435897435898 0.5961538461538461 0.6025641025641025 0.608974358974359 0.6153846153846154 
0.6153846153846154 0.6217948717948718 0.6282051282051282 0.6346153846153846 0.6410256410256411 0.6474358974358975 0.6538461538461539 
0.6538461538461539 0.6602564102564102 0.6666666666666666 0.6730769230769231 0.6794871794871795 0.6858974358974359 0.6923076923076923 
0.6923076923076923 0.6987179487179487 0.7051282051282051 0.7115384615384615 0.717948717948718 0.7243589743589743 0.7307692307692307 
0.7307692307692307 0.7371794871794871 0.7435897435897436 0.75 0.7564102564102564 0.7628205128205129 0.7692307692307693 
0.7692307692307693 0.7756410256410257 0.782051282051282 0.7884615384615385 0.7948717948717949 0.8012820512820513 0.8076923076923077 
0.8076923076923077 0.8141025641025641 0.8205128205128205 0.8269230769230769 0.8333333333333334 0.8397435897435898 0.8461538461538461 
0.8461538461538461 0.8525641025641025 0.8589743589743589 0.8653846153846154 0.8717948717948718 0.8782051282051282 0.8846153846153846 
0.8846153846153846 0.891025641025641 0.8974358974358975 0.9038461538461539 0.9102564102564102 0.9166666666666667 0.9230769230769231 
0.9230769230769231 0.9294871794871795 0.9358974358974359 0.9423076923076923 0.9487179487179488 0.9551282051282052 0.9615384615384616 
0.9615384615384616 0.967948717948718 0.9743589743589743 0.9807692307692308 0.9871794871794872 0.9935897435897436 1.0 
